41.96042517365081,-87.67908874873018,1
41.81899278829667,-87.59945845696916,4
41.926060411010106,-87.64380631959597,1
41.778723227166665,-87.64855551097949,3
41.7792809902,-87.6896794864,1
41.946588132631575,-87.75282534263155,1
41.8866462303,-87.696558136,1
41.853116301059146,-87.72362372284513,3
41.8763846236,-87.7136119356,1
41.87922957681816,-87.67166806863638,1
41.97247629142857,-87.74890570285714,1
41.9689734978,-87.6740303236,1
41.80155625696971,-87.7433817281818,1
41.8007828624,-87.7147366177,1
41.88963056446643,-87.64701877319179,2
41.934967388684214,-87.6942487655263,1
41.6848740713793,-87.61804640068964,1
41.85007410505,-87.7140093125,2
41.88245845672871,-87.68441593104149,2
41.945395317499994,-87.81957571035713,1
41.96960627365,-87.6619402346,2
41.80876234175,-87.62377948285,2
41.78004339800001,-87.77667701950003,1
41.930906252166665,-87.70989729899998,1
41.819295394791666,-87.61698700288333,4
41.76325082833332,-87.66371978466665,1
41.855920229675,-87.657623340775,4
41.9263169369,-87.74647822142367,2
41.960988564392565,-87.70695788299065,1
41.92562407055634,-87.70132138794153,2
41.89182710307381,-87.70654449753332,7
41.95260685839254,-87.6763033877202,2
42.002208574814794,-87.66151468314811,1
41.78244959999998,-87.65591346387095,1
41.722312069152515,-87.57467176813557,1
41.7116373209091,-87.59263233363639,1
41.68280034,-87.5595022,1
41.93484310696628,-87.6589921434832,1
41.77813214865715,-87.7040245852357,2
41.8024131184,-87.6330525826,1
41.93155443942857,-87.74228121799999,1
41.98948323649705,-87.67331241233725,2
41.82255598815,-87.6263984402,2
41.9032201227,-87.64090265688999,5
41.884171733865585,-87.63342816384682,2
41.97595828140351,-87.69147012350875,1
41.72775632282296,-87.54916926232579,2
41.71000548944444,-87.55533247500001,1
41.74014818885714,-87.71989956028571,1
41.7316445313,-87.6579318552,1
41.7581541131,-87.6881061075,1
41.84567934333333,-87.66594297,1
41.787176774488096,-87.59933937183334,2
41.9723567701,-87.6749222533,1
41.705827244999995,-87.701120177,1
41.68098091454546,-87.53786371727274,1
41.9095901427,-87.6332454838,1
41.8371769457,-87.6220397684,1
41.9576922115,-87.7975440334,1
41.714732057812505,-87.67566260624999,1
41.934039177451,-87.71836184137256,1
41.77053339953487,-87.64367834302325,1
41.8592359223,-87.720240298,1
41.8078689652,-87.70805772050386,2
41.98478806704999,-87.65828679345,3
41.90500156103031,-87.64960399425152,3
41.71740777421053,-87.65464518947368,1
41.947883959411755,-87.66502889058825,1
41.9310497553,-87.7907721868,1
41.847566395384575,-87.67457907019227,1
41.990936590454545,-87.80161822590908,1
41.91586533348146,-87.71095129621733,5
41.694928970999996,-87.60010471200002,1
41.9875222634,-87.6897187055,1
41.989933595,-87.74374961375001,1
41.77598164096666,-87.60205108776667,3
41.901224896100004,-87.66758205689999,1
41.9980221693,-87.6946311267,1
42.008536400000004,-87.91442844000008,1
41.803456577727275,-87.64868710477273,1
41.7542182070125,-87.594347896075,2
41.95049658789474,-87.77338017184209,1
41.96174020528369,-87.65707341300002,4
41.883754921299996,-87.67569074793332,3
41.87082806725,-87.7195305431,2
41.9540488106385,-87.65158188278447,3
41.7791628235,-87.6770311971,1
41.93636175553192,-87.70273825276593,1
41.782989613990004,-87.62092440839334,5
41.930332549300005,-87.80633048704999,2
41.864251438299995,-87.65768561716665,3
41.926444264250016,-87.76143516849999,1
41.8574008268,-87.6693713221,2
41.74050177579547,-87.60483327318185,1
41.909365695616664,-87.69410522228333,3
41.9538331398,-87.78811835094999,2
41.91873766768571,-87.79016746728573,2
41.79090239470165,-87.64576368975982,2
41.9934415657,-87.6996454249,1
41.963195466749994,-87.76461955000002,1
41.75308618764704,-87.6121649562745,1
41.97865813171429,-87.66837875785711,1
41.782678535175,-87.64186104668333,4
42.00482241363095,-87.77332163898811,2
41.9613586525,-87.6985441744,1
41.866716180195965,-87.71750067500302,3
41.76887380695652,-87.67367255869564,1
41.703446858235296,-87.7167295,1
41.95242606371794,-87.7051406939744,1
41.759815024999995,-87.6029833885,1
41.90058007093334,-87.7519847188,1
41.92295628714286,-87.72114367380954,1
